1,129
93,5
93,4
93,3
93,2
93,1
93,0
1,128
92,3
92,2
92,1
92,0
91,3
91,2
91,1
91,0
90,3
90,2
90,1
90,0
89,12
89,11
0,57
0,56
89,10
89,9
89,8
89,7
89,6
89,5
89,4
89,3
89,2
89,1
89,0
88,6
88,5
88,4
88,3
88,2
88,1
88,0
87,3
87,2
87,1
87,0
86,7
86,6
86,5
86,4
86,3
86,2
86,1
86,0
85,5
85,4
85,3
85,2
85,1
85,0
84,3
84,2
84,1
84,0
5,12
83,3
83,2
83,1
83,0
82,5
82,4
82,3
82,2
82,1
82,0
81,8
81,6
81,5
81,4
81,3
81,2
81,1
81,0
80,4
80,3
80,2
80,1
80,0
79,5
79,4
79,3
79,2
79,1
79,0
78,4
78,3
78,2
78,1
78,0
77,5
77,4
77,3
77,2
77,1
77,0
76,4
76,3
76,2
76,1
76,0
75,7
75,6
75,5
75,4
75,3
75,2
75,1
75,0
74,4
74,3
74,2
74,1
74,0
73,5
73,4
73,3
73,2
73,1
73,0
72,4
72,3
72,2
72,1
72,0
5,11
71,4
71,3
71,2
71,1
71,0
70,3
70,2
70,1
70,0
69,4
69,3
69,2
69,1
69,0
68,10
68,9
68,8
68,7
68,6
68,5
68,4
68,3
68,2
68,1
68,0
67,4
67,3
67,2
67,1
67,0
66,4
66,3
66,2
66,1
66,0
65,5
65,4
65,3
65,2
65,1
65,0
64,10
64,9
64,8
64,7
64,6
64,5
64,4
64,3
64,2
64,1
64,0
0,55
5,10
63,5
63,4
63,3
63,2
63,1
63,0
62,6
62,5
62,4
62,3
62,2
62,1
62,0
61,7
61,6
61,5
0,54
0,53
61,4
61,3
61,2
61,1
61,0
60,5
60,4
60,3
60,2
60,1
60,0
59,5
59,4
59,3
59,2
59,1
59,0
58,7
58,6
58,5
58,4
58,3
58,2
58,1
58,0
57,5
57,4
57,3
57,2
57,1
57,0
3,63
56,5
56,4
56,3
56,2
56,1
56,0
3,62
55,3
55,2
55,1
55,0
54,7
54,5
54,4
54,3
54,2
54,1
54,0
53,6
53,5
53,4
53,3
53,2
53,1
53,0
52,6
52,5
52,4
52,3
52,2
52,1
52,0
51,11
51,10
51,9
51,8
51,7
51,6
5,9
51,5
51,4
51,3
51,2
51,1
51,0
50,6
50,5
50,4
50,3
50,2
50,1
50,0
49,5
49,4
49,3
49,2
49,1
49,0
48,5
48,4
48,3
48,2
48,1
48,0
47,5
47,4
47,3
47,2
47,1
47,0
46,4
46,3
46,2
46,1
46,0
45,3
45,2
45,1
45,0
44,7
44,6
44,5
44,4
44,3
44,2
44,1
44,0
43,4
43,3
43,2
43,1
43,0
42,9
42,8
42,7
42,6
42,5
42,4
42,3
42,2
42,1
42,0
41,7
41,6
41,5
41,4
41,3
41,2
41,1
41,0
2,62
40,44
40,43
40,42
40,41
40,113
40,112
40,111
40,110
40,109
40,108
40,107
40,106
40,105
40,104
40,103
40,102
40,101
40,100
40,99
40,98
40,97
40,96
40,95
40,94
40,93
40,92
40,91
40,90
40,89
40,88
40,87
40,86
40,85
40,84
40,83
40,82
40,81
40,80
40,79
40,78
40,77
40,76
40,75
40,74
40,73
40,72
40,71
40,70
40,69
40,68
40,67
40,66
40,65
40,64
40,40
40,39
40,38
40,37
40,36
40,35
40,34
40,33
40,32
40,31
40,30
40,29
40,28
40,27
40,26
40,25
40,24
40,23
40,22
40,21
40,20
40,19
40,18
40,17
40,16
40,15
40,14
40,13
40,12
40,11
40,10
40,9
40,8
1,63
5,8
40,7
40,6
40,5
40,4
40,3
40,2
40,1
40,0
0,52
1,62
39,351
39,350
39,349
39,348
39,347
39,346
39,345
39,344
39,343
39,342
39,341
39,340
39,339
39,338
39,337
39,336
39,335
39,334
39,333
39,332
39,331
39,330
39,329
39,328
39,327
39,135
39,134
39,326
39,325
39,324
39,323
39,322
39,321
39,320
39,319
39,318
39,317
39,316
39,133
39,315
39,314
39,313
39,312
39,311
39,310
39,309
39,308
39,307
39,306
39,305
39,304
39,303
39,302
39,301
39,300
39,299
39,298
39,297
39,296
39,295
39,294
39,293
39,292
39,291
39,290
39,289
39,288
39,287
39,286
39,285
39,284
39,283
39,282
39,281
39,280
39,132
39,279
39,278
39,277
39,276
39,275
39,274
39,273
39,272
39,271
39,270
39,131
39,269
39,268
39,267
39,266
39,265
39,130
39,264
39,263
39,262
39,261
39,260
39,259
39,258
39,257
39,256
39,255
39,254
39,253
39,252
39,251
39,250
39,249
39,248
39,247
39,246
39,245
39,244
39,243
39,242
39,241
39,240
39,239
39,238
39,237
39,236
39,235
39,234
39,233
39,232
39,231
39,230
39,229
39,228
39,227
39,226
39,225
39,224
39,223
39,222
39,221
39,220
39,219
39,218
39,217
39,129
39,216
39,215
39,214
39,213
39,212
39,211
39,210
39,209
39,208
39,207
39,206
39,205
39,204
39,203
39,202
39,201
39,200
39,199
39,198
39,197
39,196
39,195
39,194
39,193
39,192
39,127
39,126
39,125
39,124
39,123
39,122
39,121
39,120
39,119
39,118
39,117
39,116
39,128
39,115
39,114
39,171
39,63
39,62
39,113
39,112
39,61
39,60
39,59
39,58
39,57
39,56
39,111
39,110
39,109
39,108
39,55
39,54
39,53
39,52
39,51
39,50
39,49
39,48
39,47
39,46
39,45
39,44
39,43
39,42
39,41
39,40
39,39
39,107
39,106
39,105
39,104
39,103
39,102
39,101
39,100
39,99
39,98
39,97
39,96
39,95
39,94
39,93
39,92
39,91
39,90
39,89
39,88
39,87
39,86
39,85
39,84
39,83
39,82
39,81
39,80
39,79
39,78
39,77
39,76
39,75
39,74
39,73
39,72
39,71
39,70
39,69
39,68
39,67
39,66
39,65
39,64
39,38
39,37
39,36
39,35
39,34
39,33
39,32
39,31
39,30
39,29
39,28
39,27
39,26
39,25
39,24
39,23
39,22
39,21
39,20
39,19
39,18
39,17
39,16
39,15
39,14
39,13
39,12
39,11
39,10
39,9
39,8
39,7
39,6
39,5
39,4
39,3
39,2
39,1
39,0
38,197
38,47
38,196
38,195
38,194
38,193
38,192
38,191
38,46
38,190
38,189
38,188
38,187
38,186
38,185
38,184
38,183
38,182
38,181
38,180
38,179
38,178
38,177
38,176
38,175
38,174
38,173
38,172
38,171
38,170
38,169
38,168
38,167
38,166
38,165
38,164
38,163
38,162
38,161
38,160
38,159
38,158
38,157
38,156
38,155
38,154
38,153
38,152
38,151
38,150
38,149
38,148
38,147
38,146
38,145
38,144
38,143
38,142
38,141
38,140
38,139
38,138
38,137
38,136
38,135
38,134
38,133
38,132
38,45
38,131
38,130
38,129
38,128
38,127
38,44
38,43
38,126
38,125
38,124
38,42
38,123
38,122
38,121
38,120
38,119
38,118
38,117
38,116
38,115
38,114
38,113
38,112
38,111
38,110
38,109
38,108
38,107
38,106
38,105
38,104
38,103
38,102
38,101
38,100
38,99
38,98
38,97
38,41
38,40
38,39
38,96
38,95
38,94
38,93
38,92
38,91
38,90
38,89
38,88
38,87
38,86
38,85
38,84
38,83
38,82
38,81
38,80
38,79
38,78
38,77
38,76
38,75
38,74
38,73
38,72
38,71
38,70
38,69
38,68
38,67
38,66
38,65
38,64
38,38
38,37
38,36
38,35
38,34
38,33
38,32
38,31
38,30
38,29
38,28
38,27
38,26
38,25
38,24
38,23
38,22
38,21
38,20
38,19
38,18
38,17
38,16
38,15
38,14
38,13
38,12
38,11
38,10
38,9
38,8
38,7
38,6
38,5
38,4
38,3
38,2
38,1
38,0
37,6
37,5
37,4
37,3
37,2
37,1
37,0
36,4
36,3
36,2
36,1
36,0
35,4
35,3
35,2
35,1
35,0
34,5
34,4
34,3
34,2
34,1
34,0
33,3
33,2
33,1
33,0
32,22
32,21
32,20
32,19
32,17
32,16
32,15
32,14
32,13
32,12
32,11
32,10
32,9
32,8
32,7
32,6
32,5
32,4
32,3
32,2
32,1
32,0
31,3
31,2
31,1
31,0
30,3
30,2
30,1
30,0
29,5
29,4
29,3
29,2
29,1
29,0
5,7
28,10
28,9
28,8
28,7
28,6
28,5
28,4
28,3
28,2
28,1
28,0
27,20
27,19
27,18
27,17
27,16
27,15
27,14
27,13
27,12
27,11
27,10
27,9
27,8
27,7
27,6
27,5
27,4
27,3
27,2
27,1
27,0
26,6
26,5
26,4
26,3
26,2
26,1
26,0
5,6
25,14
25,13
25,12
25,11
25,10
25,9
25,8
25,7
25,6
25,5
25,4
25,3
25,2
25,1
25,0
0,51
0,50
0,2
24,4
24,3
24,2
24,1
24,0
23,3
23,2
23,1
23,0
3,61
22,5
22,4
22,3
22,2
22,1
22,0
2,61
1,61
21,11
21,10
3,60
2,60
21,9
21,8
21,7
21,6
21,5
21,4
21,3
21,2
21,1
21,0
1,60
3,59
2,59
1,59
20,5
20,4
20,3
20,2
20,1
20,0
3,58
2,58
19,3
19,2
19,1
19,0
1,58
3,57
18,5
2,57
5,5
5,4
5,2
5,0
1,57
18,3
18,2
18,1
18,0
3,56
2,56
17,23
17,22
17,21
17,20
17,19
17,18
17,17
17,16
17,15
17,14
17,13
17,12
17,11
17,10
17,9
17,8
17,6
17,5
1,56
3,55
17,4
17,3
17,2
17,1
17,0
2,55
1,55
3,54
2,54
16,7
16,6
16,5
16,4
16,3
16,2
16,1
16,0
1,54
3,53
15,4
15,3
15,2
15,1
15,0
2,53
1,53
14,5
14,4
14,3
14,2
14,1
14,0
3,52
2,52
13,12
13,11
13,10
13,9
13,8
13,7
1,52
3,51
13,5
13,4
13,3
13,2
13,1
13,0
2,51
1,51
12,15
12,14
12,13
12,12
12,11
12,10
12,9
12,8
12,7
12,6
3,50
2,50
12,5
12,4
12,3
12,2
12,1
12,0
1,50
3,49
2,49
1,49
11,4
11,3
11,2
11,1
11,0
3,48
2,48
1,48
3,47
10,4
10,3
10,2
10,1
10,0
2,47
1,47
9,21
9,20
9,19
9,18
9,17
9,16
9,15
9,14
9,13
9,12
9,11
3,46
2,46
9,10
9,9
9,8
9,7
9,6
9,5
9,4
9,3
9,2
9,1
9,0
1,46
1,2
3,45
3,2
8,3
8,2
8,1
8,0
0,9
2,45
2,2
5,3
4,3
7,3
1,45
3,44
2,44
1,44
3,43
2,43
1,43
3,42
2,42
1,42
3,41
2,41
1,41
3,40
2,40
1,40
3,39
2,39
1,39
3,38
2,38
1,38
3,37
2,37
1,37
3,36
2,36
1,36
3,35
2,35
1,35
3,34
2,34
1,34
3,33
2,33
1,33
3,32
2,32
1,32
3,31
2,31
1,31
3,30
2,30
1,30
3,29
2,29
1,29
3,28
2,28
1,28
3,27
2,27
1,27
3,26
2,26
1,26
3,25
2,25
1,25
3,24
2,24
1,24
3,23
2,23
1,23
3,22
2,22
1,22
3,21
2,21
1,21
3,20
2,20
1,20
3,19
2,19
1,19
3,18
2,18
1,18
3,17
2,17
1,17
3,16
2,16
1,16
3,15
2,15
1,15
3,14
2,14
1,14
3,13
2,13
1,13
3,12
2,12
1,12
3,11
2,11
1,11
3,10
2,10
1,10
3,9
2,9
1,9
3,8
2,8
1,8
3,7
2,7
1,7
3,6
2,6
1,6
3,5
2,5
1,5
3,4
2,4
1,4
3,3
3,0
2,3
2,0
1,3
1,0
0,6
0,0
0,47
0,46
0,49
0,48
0,45
0,12
0,10
0,8
0,11
0,5
0,7
0,4
0,3
